function [S IDX varargout] = sphericalgrid3
%SPERICALGRID3 - Defines the spherical grid defined by 3 fold quadrisection
%of the isocahedron, or 8 fold tesselation of icosahedron
%
%NOTES: This sampling distribution is recommended if you want to decrease
%image processing times
%
%OUTPUTS
%    S - coordinates for spherical grid in polar coordinates,  extends slightly
%    over one half of the sphere to estimate local maxima on border
%
%    IDX - first column defines points in S over one half of the sphere for
%    candiate local maxima. Columns 2-7 define the neighbors for the
%    corresponding point in column 1
%
%    IDX8 - defines vertices to undersample for sphericalgrid3 - this is useful,
%    for example, when trying to save a smaler datastructure to load into DSI
%    studio (all coordinates are savesd in one large file)
%
%    AREA - defines the area that each vertex 'encompasses.'it is generally 
%    impossible to spread points out isotropically over a sphere, so the area
%    is slightly different for each point - this can be used to update
%    computations that occure over the spherical grid, eg GFA
%
%    ODF_FACES - Data structure matching S to save and load into DSI Studio for
%    visualization.  
%
%    SEPARATION_ANGLE = average saparation angle
%
%Average separation angle between each peak and its nearest neighbors is
%8.64 (+\- 0.56) degrees
%
%Author: Russell Glenn
%Medical University of South Carolina 

S = [0.000000000000000,0.000000000000000;0.138393600416558,1.256637048461019;0.138393596589883,2.513274095312802;0.138393615943588,0.000000000000000;0.138393596589883,-2.513274095312802;0.138393600416558,-1.256637048461019;
0.225901925651299,1.884955560528949;0.225901931799224,0.628318529756226;0.225901905409300,3.141592653589793;0.225901931799224,-0.628318529756226;0.225901925651299,-1.884955560528949;0.276787143369388,1.256637062376857;
0.276787121226320,2.513274092683329;0.276787127350861,0.000000000000000;0.276787121226320,-2.513274092683329;0.276787143369388,-1.256637062376857;0.354601277643520,1.649082088345658;0.354601254842379,2.120829030856569;
0.354601267786918,0.864191977019732;0.354601263774806,0.392445048522471;0.354601263457327,2.905719165362345;0.354601263457327,-2.905719165362345;0.354601263774806,-0.392445048522471;0.354601267786918,-0.864191977019732;
0.354601254842379,-2.120829030856569;0.354601277643520,-1.649082088345658;0.415180809795185,1.256637048048632;0.415180787936753,2.513274108142396;0.415180813178902,0.000000000000000;0.415180787936753,-2.513274108142396;
0.415180809795185,-1.256637048048632;0.463647655931871,1.884955561069835;0.463647654163701,0.628318504671523;0.463647635656814,3.141592653589793;0.463647654163701,-0.628318504671523;0.463647655931871,-1.884955561069835;
0.487695044795201,1.544581005409478;0.487695024867709,0.968693018006080;0.487695022470617,2.225330100502796;0.487695052074374,2.801218083921038;0.487695052074374,-2.801218083921038;0.487695022470617,-2.225330100502796;
0.487695024867709,-0.968693018006080;0.487695044795201,-1.544581005409478;0.487695079859932,0.287943954059403;0.487695079859932,-0.287943954059403;0.553574405766588,1.256637030508986;0.553574398150946,2.513274098503101;
0.553574430378909,0.000000000000000;0.553574398150946,-2.513274098503101;0.553574405766588,-1.256637030508986;0.609543626135806,1.740657067616103;0.609543679450117,2.029254148915214;0.609543677486091,0.772617086499219;
0.609543646971644,0.484020079035501;0.609543631774304,2.997294107457877;0.609543636166481,-2.997294043062830;0.609543667486964,-0.484019938432228;0.609543643373977,-0.772617011944509;0.609543712459791,-2.029254056156436;
0.609543669139573,-1.740656985881279;0.648583141515027,1.478754267628611;0.648583120680659,1.034519883257405;0.648583132815799,-1.034519840846590;0.648583144516620,-1.478754200077574;0.648583174606771,2.291156936994903;
0.648583150869681,2.735391331198171;0.648583178939319,0.222117213383142;0.648583173707157,-0.222117165258325;0.648583164946326,-2.735391263214803;0.648583176789748,-2.291156867369553;0.691967993989927,1.256637036154117;
0.691967973555470,2.513274133252749;0.691968012138583,0.000000000000000;0.691967973555470,-2.513274133252749;0.691967993989927,-1.256637036154117;0.747560983815415,1.884955654039706;0.747560962475476,0.628318584885365;
0.747560989983574,-3.141592598056446;0.747560972145742,-0.628318462423580;0.747561001749033,-1.884955481028889;0.761782552916421,1.647349620137448;0.761782627069831,2.122561668842424;0.761782584052900,0.865924594121961;
0.761782571558023,0.390712575670954;0.761782578312778,2.903986674514679;0.761782591002614,-2.903986569601317;0.761782595011888,-0.390712462933223;0.761782565173611,-0.865924505279352;0.761782591384933,-1.647349495139950;
0.761782622992614,-2.122561521759180;0.786481595503340,1.445348937957429;0.786481608413353,1.067925241939556;0.786481585572325,2.324562219020027;0.786481573192308,2.701985998179024;0.786481575039363,0.188711915002158;
0.786481582151089,-2.701985960080788;0.786481581669396,-1.067925164469495;0.786481598137159,-1.445348896187010;0.786481654636621,-0.188711857852463;0.786481613358020,-2.324562188323293;0.830361617949584,1.256637050011586;
0.830361555968067,2.513274073127236;0.830361555968067,-2.513274073127236;0.830361617949584,-1.256637050011586;0.830361622242348,0.000000000000000;0.886077125600151,1.778580603409106;0.886077134939757,1.991330736196656;
0.886077120503043,0.734693629165910;0.886077148699855,0.521943552194695;0.886077115729105,3.035217647305979;0.886077123233780,-3.035217503841645;0.886077153185951,-0.521943413775009;0.886077148475794,-0.734693577582214;
0.886077138572810,-1.991330564292758;0.886077144989103,-1.778580418123304;0.900749527980076,1.600290730551703;0.900749534156499,2.169620584437637;0.900749522797939,0.343653661117209;0.900749525721124,2.856927781962858;
0.900749536116498,-2.856927708976833;0.900749551413596,-0.343653599694923;0.900749522975932,-0.912983380002872;0.900749533434375,-2.169620447350973;0.900749526615576,-1.600290635534980;0.900749576354382,0.912983486674668;
0.929882219536290,1.421635751762133;0.929882214444143,1.091638350938812;0.929882194038281,2.348275443134568;0.929882169497114,2.678272778526458;0.929882192355032,0.164998707215872;0.929882192355032,-0.164998707215872;
0.929882177461083,-2.678272745265412;0.929882194437412,-2.348275337974433;0.929882214444143,-1.091638350938812;0.929882222184435,-1.421635714994096;0.968755201345285,2.513274067681795;0.968755201345285,-2.513274067681795;
0.968755271191667,1.256637032125124;0.968755248869414,0.000000000000000;0.968755271191667,-1.256637032125124;1.017221955358151,1.884955674939893;1.017221947345714,0.628318603431554;1.017221927752009,-3.141592571218199;
1.017221960952070,-1.884955486687200;1.017221986562126,-0.628318448870987;1.023120349978867,1.722657704042432;1.023120314927291,2.047253571693529;1.023120324879927,0.790616478556900;1.023120308492265,0.466020664465025;
1.023120304329980,2.979294784483977;1.023120313106336,-2.979294663911273;1.023120322273319,-0.466020570722974;1.023120321155511,-2.047253446612843;1.023120353477301,-0.790616330714062;1.023120360796069,-1.722657576578764;
1.040578874752097,-2.207265526424992;1.040578899744707,1.562645639394431;1.040578926752872,0.950628522899394;1.040578919847591,2.207265623052891;1.040578903272194,2.819282679076880;1.040578906253403,0.306008579706084;
1.040578934996368,-0.306008558892059;1.040578908046269,-2.819282646310237;1.040578926752872,-0.950628522899394;1.040578900023025,-1.562645561129832;1.068925133821124,1.406856685064489;1.068925129983826,2.663493783323581;
1.068925155265740,-2.363054457222841;1.068925150808703,-1.106417404825829;1.068925164046967,1.106417617641989;1.068925202363379,2.363054697263902;1.068925161092060,0.150219628038180;1.068925170230182,-2.663493570946738;
